a: -0.7292229884746035 ifsFlame2.html:43:12
b: -0.029080136908575957 ifsFlame2.html:44:12
c: 0.4764278185830828 ifsFlame2.html:45:12
d: 0.08002455598372725 ifsFlame2.html:46:12
e: -0.8880703477718049 ifsFlame2.html:47:12
f: -0.23035802431878238 ifsFlame2.html:48:12

